2005 10  1  0.17   1.2  0.00   0  -99.0  10.72
2005 10  2  0.29  39.3  0.00   0  -99.0   9.92
2005 10  3  0.16  18.7  0.00   0  -99.0   8.00
2005 10  4  0.18   7.0  0.00   0  -99.0   8.04
2005 10  5  0.19   2.3  0.00   0  -99.0   8.54
2005 10  6  0.19   1.6  0.00   0  -99.0   9.04
2005 10  7  0.21   1.3  0.00   0  -99.0   9.42
2005 10  8  0.21   1.0  0.00   0  -99.0   9.55
2005 10  9  0.21   1.0  0.00   0  -99.0   9.23
2005 10 10  0.22   0.8  0.00   0  -99.0   9.08
2005 10 11  0.21   0.8  0.00   0  -99.0   9.52
2005 10 12  0.19   0.7  0.00   0  -99.0   9.24
2005 10 13  0.20   0.7  0.00   0  -99.0   9.43
2005 10 14  0.21   0.6  0.00   0  -99.0   9.60
2005 10 15  0.21   0.5  0.00   0  -99.0   9.62
2005 10 16  0.20   0.6  0.00   0  -99.0   9.74
2005 10 17  0.22   0.4  0.00   0  -99.0   9.65
2005 10 18  0.19   0.5  0.00   0  -99.0  10.02
2005 10 19  0.16  10.6  0.00   0  -99.0  10.31
2005 10 20  0.21   2.6  0.00   0  -99.0  10.56
2005 10 21  0.17  24.5  0.00   0  -99.0  10.14
2005 10 22  0.20   5.2  0.00   0  -99.0  10.00
2005 10 23  0.20  37.9  0.00   0  -99.0  10.13
2005 10 24  0.21   2.7  0.00   0  -99.0   9.25
2005 10 25  0.21   1.7  0.00   0  -99.0   9.11
2005 10 26  0.22   1.3  0.00   0  -99.0   8.72
2005 10 27  0.23   1.1  0.00   0  -99.0   8.68
2005 10 28  0.23   0.9  0.00   0  -99.0   8.77
2005 10 29  0.22   0.8  0.00   0  -99.0   8.75
2005 10 30  0.23   0.8  0.00   0  -99.0   8.41
2005 10 31  0.20   0.7  0.00   0  -99.0   8.73
2005 11  1  0.22   7.0  0.00   0  -99.0   8.80
2005 11  2  0.21   1.7  0.00   0  -99.0   8.30
2005 11  3  0.23   1.4  0.00   0  -99.0   8.45
2005 11  4  0.18  18.3  0.00   0  -99.0   8.64
2005 11  5  0.18   9.2  0.00   0  -99.0   8.26
2005 11  6  0.18   2.4  0.00   0  -99.0   7.43
2005 11  7  0.23   1.6  0.00   0  -99.0   6.66
2005 11  8  0.23   1.2  0.00   0  -99.0   6.34
2005 11  9  0.22   1.0  0.00   0  -99.0   6.56
2005 11 10  0.20   0.9  0.00   0  -99.0   7.17
2005 11 11  0.23   0.9  0.00   0  -99.0   7.13
2005 11 12  0.18   0.7  0.00   0  -99.0   6.46
2005 11 13  0.21   0.7  0.00   0  -99.0   6.41
2005 11 14  0.22   0.6  0.00   0  -99.0   6.19
2005 11 15  0.21   0.6  0.00   0  -99.0   5.97
2005 11 16  0.17   0.5  0.00   0  -99.0   5.95
2005 11 17  0.18   0.6  0.00   0  -99.0   5.48
2005 11 18  0.21   0.4  0.00   0  -99.0   4.29
2005 11 19  0.21   0.5  0.00   0  -99.0   3.32
2005 11 20  0.20   0.4  0.00   0  -99.0   2.63
2005 11 21  0.21   0.4  0.00   0  -99.0   2.27
2005 11 22  0.22   0.3  0.00   0  -99.0   2.12
2005 11 23  0.46   0.4  0.00   0  -99.0   2.01
2005 11 24  0.49   0.3  0.00   0  -99.0   1.87
2005 11 25  0.89   0.3  0.21  31  -99.0   1.75
2005 11 26  0.76   0.4  0.28  39  -13.0   1.75
2005 11 27  0.81   0.3  0.24  39  -10.9   1.78
2005 11 28  0.82   0.4  0.28  39   -8.1   1.82
2005 11 29 -9.00   0.3  0.26  45   -3.7   1.93
2005 11 30  0.87   0.4  0.40  62   -5.1   2.05
2005 12  1  0.77   0.3  0.35  65   -9.8   2.14
2005 12  2  0.84   8.9  0.33  65   -1.7   2.20
2005 12  3  0.84   8.8  0.30  75   -0.8   2.12
2005 12  4 -9.00   1.7  0.27  75   -0.2   2.13
2005 12  5  0.92   1.0  0.32  85   -0.9   2.15
2005 12  6  0.83   0.9  0.48 110   -5.2   2.12
2005 12  7  0.85   0.9  0.54 115   -4.2   2.09
2005 12  8  0.90   0.9  0.50 127   -5.8   2.06
2005 12  9  0.87   1.0  0.67 132   -4.5   2.03
2005 12 10  0.86   1.2  0.62 132   -6.0   2.00
2005 12 11  0.82   1.2  0.57 134  -10.3   1.97
2005 12 12  0.82   1.3  0.56 135   -9.6   1.95
2005 12 13  0.80   1.2  0.54 134   -7.3   1.93
2005 12 14  0.86   1.1  0.53 134   -6.7   1.91
2005 12 15  0.80   1.1  0.50 135   -9.2   1.89
2005 12 16  0.83   1.1  0.49 140   -4.6   1.87
2005 12 17  0.85   1.9  0.58 147   -5.4   1.84
2005 12 18  0.81   1.2  0.56 147  -12.3   1.80
2005 12 19  0.76   1.2  0.54 147  -15.4   1.77
2005 12 20  0.75   1.1  0.54 146  -12.5   1.75
2005 12 21  0.75   1.0  0.53 145  -15.3   1.74
2005 12 22  0.75   1.0  0.52 142  -13.2   1.73
2005 12 23  0.74   0.8  0.52 142   -9.5   1.71
2005 12 24  0.73   0.8  0.52 142  -10.7   1.69
2005 12 25  0.80   0.7  0.51 142   -6.5   1.67
2005 12 26  0.79   0.6  0.51 142   -6.9   1.65
2005 12 27  0.74   0.6  0.50 145  -13.5   1.62
2005 12 28  0.85   0.6  0.52 147  -15.5   1.60
2005 12 29  0.82   0.5  0.68 147  -16.7   1.59
2005 12 30  0.84   0.5  0.65 148  -12.5   1.57
2005 12 31 -9.00  34.1  0.70 169    0.0   1.43
2006  1  1  0.84   2.9  0.74 185   -2.8   1.31
2006  1  2  0.87   1.6  0.95 196   -3.4   1.33
2006  1  3  0.83   1.2  0.87 196   -6.3   1.31
2006  1  4  0.83   1.0  0.82 196   -7.8   1.30
2006  1  5  0.80   0.9  0.80 196   -9.9   1.29
2006  1  6  0.82   0.9  0.80 194   -6.4   1.28
2006  1  7  0.83   0.9  0.77 190   -4.0   1.28
2006  1  8  0.79   0.8  0.77 194   -7.7   1.27
2006  1  9  0.74   0.9  0.75 189  -13.6   1.26
2006  1 10  0.73   0.9  0.72 183  -15.0   1.25
2006  1 11  0.72   0.9  0.72 189  -15.4   1.24
2006  1 12  0.75   0.9  0.71 188  -10.4   1.24
2006  1 13  0.72   0.8  0.71 185  -15.2   1.23
2006  1 14  0.70   0.7  0.71 188  -16.6   1.23
2006  1 15  0.69   0.7  0.70 191  -16.1   1.22
2006  1 16  0.82   0.6  0.70 192   -6.6   1.21
2006  1 17  0.88   0.6  0.77 203   -1.6   1.20
2006  1 18  0.85   0.6  1.06 247   -0.8   1.19
2006  1 19  0.76   0.5  1.01 247   -3.7   1.17
2006  1 20  0.71   0.5  0.98 257   -7.0   1.15
2006  1 21  0.80   0.5  0.97 257   -1.8   1.13
2006  1 22  0.71   0.4  0.96 257   -7.1   1.11
2006  1 23  0.78   0.4  0.94 257   -7.6   1.10
2006  1 24  0.71   0.4  0.92 257  -14.5   1.09
2006  1 25  0.71   0.5  0.91 256  -15.1   1.08
2006  1 26  0.79   0.4  0.92 256  -10.1   1.07
2006  1 27  0.85   0.5  0.94 245   -9.3   1.06
2006  1 28  0.84   0.4  1.02 245   -3.3   1.05
2006  1 29  0.76   0.4  1.00 246   -1.6   1.05
2006  1 30  0.71   0.4  0.96 245   -3.1   1.04
2006  1 31  0.69   0.5  0.94 245   -4.1   1.03
2006  2  1  0.66   0.4  0.91 241   -6.3   1.02
2006  2  2  0.68   0.4  0.89 245   -7.6   1.01
2006  2  3  0.66   0.5  0.89 245   -9.0   1.00
2006  2  4  0.70   0.4  0.87 245  -12.2   0.99
2006  2  5  0.73   0.4  0.87 245   -9.9   0.99
2006  2  6  0.72   0.5  0.86 247   -8.3   0.98
2006  2  7  0.71   0.4  0.86 247   -6.8   0.98
2006  2  8  0.73   0.5  0.86 253   -5.0   0.97
2006  2  9  0.82   0.4  0.88 253   -5.5   0.97
2006  2 10  0.77   0.4  0.88 256  -10.1   0.96
2006  2 11  0.75   0.5  0.88 261  -16.0   0.95
2006  2 12  0.76   0.4  0.87 261  -13.0   0.95
2006  2 13  0.77   0.4  0.86 261   -7.6   0.95
2006  2 14  0.74   0.4  0.86 262   -3.7   0.94
2006  2 15  0.77   0.4  0.85 262   -4.0   0.94
2006  2 16  0.73  24.0  1.12 289    0.3   0.89
2006  2 17  0.83   2.7  1.05 309   -1.6   0.74
2006  2 18  0.85   1.3  1.03 318   -1.4   0.73
2006  2 19  0.84   1.2  1.07 320   -1.9   0.75
2006  2 20  0.82   1.2  1.16 320   -3.1   0.76
2006  2 21  0.78   0.9  1.13 322   -8.3   0.77
2006  2 22  0.75   0.8  1.08 324   -6.1   0.77
2006  2 23  0.81   0.8  1.06 324   -4.5   0.78
2006  2 24  0.80   0.7  1.05 324   -3.8   0.78
2006  2 25  0.75   0.7  1.04 324   -3.4   0.78
2006  2 26  0.72   0.6  1.02 324   -6.9   0.78
2006  2 27  0.78   0.6  1.01 319   -7.4   0.78
2006  2 28  0.78   0.7  1.01 319  -11.6   0.78
2006  3  1  0.83   0.6  1.07 326  -12.7   0.78
2006  3  2  0.84   0.5  1.10 342  -10.2   0.78
2006  3  3  0.90   0.6  1.12 352   -1.7   0.78
2006  3  4 -9.00   0.6  1.20 354    0.2   0.78
2006  3  5  0.86   9.0  1.19 354   -5.7   0.75
2006  3  6  0.78   1.4  1.14 366   -9.3   0.74
2006  3  7  0.81   1.0  1.18 366   -7.1   0.74
2006  3  8  0.81  18.9  1.23 362   -0.5   0.73
2006  3  9  0.68  23.6  1.17 362    0.6   0.60
2006  3 10  0.84   5.5  1.10 375   -2.8   0.61
2006  3 11  0.89   1.7  1.32 390   -4.6   0.63
2006  3 12  0.81   1.3  1.58 423  -10.7   0.65
2006  3 13  0.75   1.0  1.55 434  -13.5   0.66
2006  3 14  0.71   0.9  1.49 434  -12.4   0.66
2006  3 15  0.66   0.8  1.43 434   -9.6   0.67
2006  3 16  0.65   0.8  1.37 434  -10.2   0.66
2006  3 17  0.64   0.9  1.35 434   -7.5   0.66
2006  3 18  0.71   1.1  1.31 434   -2.6   0.66
2006  3 19  0.66   1.1  1.29 434    0.7   0.66
2006  3 20  0.64   7.0  1.23 440    0.7   0.66
2006  3 21  0.67  11.2  1.17 440    0.1   0.63
2006  3 22  0.64  11.7  1.14 436    0.3   0.61
2006  3 23  0.60   9.3  1.12 424    0.2   0.57
2006  3 24  0.65  21.5  1.08 422    0.6   0.55
2006  3 25  0.61  19.8  1.05 414  -99.0   0.52
2006  3 26  0.60  20.9  1.01 394  -99.0   0.50
2006  3 27  0.61  21.5  0.93 365  -99.0   0.48
2006  3 28  0.69  31.2  0.86 361    0.6   0.45
2006  3 29  0.80   4.0  0.91 361   -1.0   0.45
2006  3 30  0.72  28.8  0.93 355   -0.3   0.46
2006  3 31  0.60  39.0  0.90 344  -99.0   0.41
2006  4  1  0.63  22.6  0.86 341    0.3   0.40
2006  4  2  0.59  16.2  0.84 337  -99.0   0.41
2006  4  3  0.58  18.7  0.82 324   -0.3   0.41
2006  4  4  0.57  14.0  0.77 300  -99.0   0.42
2006  4  5  0.63  18.1  0.72 278    0.5   0.42
2006  4  6  0.68   3.6  0.68 270   -2.8   0.42
2006  4  7  0.56  11.9  0.65 265  -99.0   0.44
2006  4  8  0.56  12.3  0.59 261  -99.0   0.44
2006  4  9  0.59  18.8  0.57 254    1.1   0.44
2006  4 10  0.93  18.7  0.47 254   -1.3   0.42
2006  4 11  0.79   2.6  0.68 254   -5.1   0.42
2006  4 12  0.76   1.6  0.61 258   -3.1   0.44
2006  4 13  0.69   3.2  0.56 258   -2.5   0.45
2006  4 14  0.61  13.0  0.52 258  -99.0   0.46
2006  4 15  0.63  13.0  0.47 243    1.2   0.45
2006  4 16  0.56  20.2  0.43 237    0.8   0.43
2006  4 17  0.52  20.2  0.38 216  -99.0   0.43
2006  4 18  0.53  16.7  0.34 196    0.6   0.42
2006  4 19  0.48  23.6  0.26 194  -99.0   0.41
2006  4 20  0.47  21.8  0.21 179  -99.0   0.41
2006  4 21  0.44  28.3  0.18 154  -99.0   0.42
2006  4 22  0.39  24.5  0.13 135  -99.0   0.51
2006  4 23  0.33  18.2  0.10 114  -99.0   1.07
2006  4 24  0.29  26.4  0.02  89  -99.0   2.60
2006  4 25  0.24  32.0  0.00  63  -99.0   4.28
2006  4 26  0.21  27.4  0.00  36  -99.0   4.84
2006  4 27  0.17  11.1  0.00   7  -99.0   5.52
2006  4 28  0.12   4.2  0.00   0  -99.0   5.56
2006  4 29  0.15   2.0  0.00   0  -99.0   4.95
2006  4 30  0.18   1.4  0.00   0  -99.0   4.00
2006  5  1  0.18   1.2  0.00   0  -99.0   4.53
2006  5  2  0.19   1.1  0.00   0  -99.0   5.77
2006  5  3  0.18   1.0  0.00   0  -99.0   7.01
2006  5  4  0.19   0.9  0.00   0  -99.0   8.14
2006  5  5  0.19   4.8  0.00   0  -99.0   9.14
2006  5  6  0.15   4.2  0.00   0  -99.0   8.75
2006  5  7  0.18   4.4  0.00   0  -99.0   8.85
2006  5  8  0.16  18.2  0.00   0  -99.0   8.71
2006  5  9  0.32  17.4  0.03   0  -99.0   6.59
2006  5 10  0.48   8.7  0.00   0  -99.0   5.38
2006  5 11  0.19   4.9  0.00   0  -99.0   5.81
2006  5 12  0.19   2.3  0.00   0  -99.0   7.22
2006  5 13  0.19   2.4  0.00   0  -99.0   7.65
2006  5 14  0.19   2.5  0.00   0  -99.0   8.12
2006  5 15  0.20   1.9  0.00   0  -99.0   8.93
2006  5 16  0.20   3.2  0.00   0  -99.0  10.07
2006  5 17  0.20   2.7  0.00   0  -99.0  10.73
2006  5 18  0.20   2.7  0.00   0  -99.0  11.56
2006  5 19  0.20   2.6  0.00   0  -99.0  10.75
2006  5 20  0.20  16.1  0.00   0  -99.0   9.82
2006  5 21  0.22   7.7  0.00   0  -99.0   9.76
2006  5 22  0.22   8.6  0.00   0  -99.0  10.31
2006  5 23  0.22   4.9  0.00   0  -99.0   9.91
2006  5 24  0.22   2.1  0.00   0  -99.0   9.43
2006  5 25  0.22   1.5  0.00   0  -99.0   9.53
2006  5 26  0.22   1.3  0.00   0  -99.0  10.50
2006  5 27  0.22   1.1  0.00   0  -99.0  11.47
2006  5 28  0.22   0.9  0.00   0  -99.0  11.89
2006  5 29  0.22   0.7  0.00   0  -99.0  12.20
2006  5 30  0.23   4.8  0.00   0  -99.0  10.12
2006  5 31  0.26   8.7  0.02   0  -99.0   7.90
2006  6  1  0.22   2.9  0.00   0  -99.0   6.97
2006  6  2  0.23   2.7  0.00   0  -99.0   6.81
2006  6  3  0.23   1.9  0.00   0  -99.0   7.17
2006  6  4  0.22   1.5  0.00   0  -99.0   7.81
2006  6  5  0.22   1.2  0.00   0  -99.0   8.68
2006  6  6  0.22   1.0  0.00   0  -99.0   9.25
2006  6  7  0.22   1.0  0.00   0  -99.0   9.68
2006  6  8  0.22   0.8  0.00   0  -99.0   9.98
2006  6  9  0.22   0.8  0.00   0  -99.0  10.45
2006  6 10  0.22   0.8  0.00   0  -99.0  10.90
2006  6 11 -9.00   0.0 -0.09  -9  -99.0 -99.00
2006  6 12 -9.00  -9.0 -0.09  -9  -99.0 -99.00
2006  6 13 -9.00  -9.0 -0.09  -9  -99.0 -99.00
2006  6 14 -9.00  -9.0 -0.09  -9  -99.0 -99.00
2006  6 15 -9.00  -9.0 -0.09  -9  -99.0 -99.00
2006  6 16 -9.00  -9.0 -0.09  -9  -99.0 -99.00
2006  6 17 -9.00  -9.0 -0.09  -9  -99.0 -99.00
2006  6 18 -9.00  -9.0 -0.09  -9  -99.0 -99.00
2006  6 19 -9.00  -9.0 -0.09  -9  -99.0 -99.00
2006  6 20 -9.00  -9.0 -0.09  -9  -99.0 -99.00
2006  6 21 -9.00  -9.0 -0.09  -9  -99.0 -99.00
2006  6 22 -9.00  -9.0 -0.09  -9  -99.0 -99.00
2006  6 23 -9.00  -9.0 -0.09  -9  -99.0 -99.00
2006  6 24 -9.00  -9.0 -0.09  -9  -99.0 -99.00
2006  6 25 -9.00  -9.0 -0.09  -9  -99.0 -99.00
2006  6 26 -9.00  -9.0 -0.09  -9  -99.0 -99.00
2006  6 27 -9.00  -9.0 -0.09  -9  -99.0 -99.00
2006  6 28 -9.00  -9.0 -0.09  -9  -99.0 -99.00
2006  6 29 -9.00  -9.0 -0.09  -9  -99.0 -99.00
2006  6 30 -9.00  -9.0 -0.09  -9  -99.0 -99.00
