2005  10   1       0.200      10.112       0.000       0.000       8.863      10.638
2005  10   2       0.303      39.815       0.005       0.576       2.609       9.730
2005  10   3       0.200      16.410       0.000       0.000       3.372       8.125
2005  10   4       0.200       0.000       0.000       0.000       5.752       7.532
2005  10   5       0.200       0.000       0.000       0.000       6.509       7.639
2005  10   6       0.200       0.000       0.000       0.000       7.817       7.980
2005  10   7       0.200       0.000       0.000       0.000       9.012       8.436
2005  10   8       0.200       0.000       0.000       0.000       7.832       8.698
2005  10   9       0.200       0.000       0.000       0.000       7.772       8.623
2005  10  10       0.200       0.000       0.000       0.000       8.490       8.615
2005  10  11       0.200       0.000       0.000       0.000       8.535       8.970
2005  10  12       0.200       0.000       0.000       0.000       7.951       8.904
2005  10  13       0.200       0.000       0.000       0.000       9.491       8.963
2005  10  14       0.200       0.000       0.000       0.000       8.954       9.140
2005  10  15       0.200       0.000       0.000       0.000       9.634       9.215
2005  10  16       0.200       0.000       0.000       0.000       9.938       9.560
2005  10  17       0.200       0.000       0.000       0.000       9.432       9.553
2005  10  18       0.200       1.365       0.000       0.000      10.484       9.833
2005  10  19       0.200      23.676       0.000       0.000      10.463      10.054
2005  10  20       0.200       0.000       0.000       0.000      10.664      10.222
2005  10  21       0.200      32.574       0.000       0.000       8.037       9.901
2005  10  22       0.200       1.372       0.000       0.000      10.384       9.697
2005  10  23       0.200      38.160       0.000       0.000       8.551       9.876
2005  10  24       0.200       0.000       0.000       0.000       7.657       9.314
2005  10  25       0.200       0.000       0.000       0.000       6.657       8.799
2005  10  26       0.200       0.000       0.000       0.000       7.330       8.404
2005  10  27       0.200       0.000       0.000       0.000       6.777       8.298
2005  10  28       0.200       0.000       0.000       0.000       7.030       8.098
2005  10  29       0.200       0.000       0.000       0.000       7.266       8.198
2005  10  30       0.200       0.000       0.000       0.000       7.669       8.060
2005  10  31       0.200       1.361       0.000       0.000       8.477       8.315
2005  11   1       0.200      15.476       0.000       0.000       8.145       8.678
2005  11   2       0.200       0.000       0.000       0.000       7.250       8.392
2005  11   3       0.200       0.584       0.000       0.000       8.845       8.477
2005  11   4       0.200      27.636       0.000       0.000       7.943       8.681
2005  11   5       0.200       2.553       0.000       0.000       3.815       8.118
2005  11   6       0.200       0.000       0.000       0.000       1.848       6.792
2005  11   7       0.200       0.000       0.000       0.000       2.622       5.544
2005  11   8       0.200       0.000       0.000       0.000       3.955       5.377
2005  11   9       0.200       0.000       0.000       0.000       5.524       5.625
2005  11  10       0.200       0.000       0.000       0.000       5.312       6.277
2005  11  11       0.200       0.000       0.000       0.000       4.360       6.210
2005  11  12       0.200       0.000       0.000       0.000       2.940       5.636
2005  11  13       0.200       0.000       0.000       0.000       4.244       5.449
2005  11  14       0.200       0.000       0.000       0.000       3.737       5.426
2005  11  15       0.200       0.000       0.000       0.000       4.052       5.334
2005  11  16       0.200       5.271       0.000       0.000       3.187       5.336
2005  11  17       0.200       0.000       0.000       0.000      -1.467       4.556
2005  11  18       0.200       0.000       0.000       0.000      -3.640       3.159
2005  11  19       0.200       0.006       0.000       0.001      -5.389       1.764
2005  11  20       0.200       0.000       0.000       0.000      -4.150       0.499
2005  11  21       0.200       0.000       0.000       0.001      -3.914       0.223
2005  11  22       0.200       0.000       0.000       0.001      -3.084       0.143
2005  11  23       0.213       0.000       0.004       0.426      -6.076      -0.138
2005  11  24       0.214       0.000       0.005       0.549      -7.855      -0.271
2005  11  25       0.765       0.000       0.189      20.619      -9.870      -0.369
2005  11  26       0.750       0.000       0.200      25.654     -17.198      -0.379
2005  11  27       0.731       0.000       0.182      26.475     -13.836      -0.348
2005  11  28       0.736       0.000       0.180      28.406      -9.132      -0.315
2005  11  29       0.731       0.000       0.215      33.744      -3.987      -0.280
2005  11  30       0.786       0.000       0.308      46.429      -5.029      -0.243
2005  12   1       0.777       0.000       0.279      46.641     -14.056      -0.207
2005  12   2       0.768       0.000       0.277      49.363      -4.640      -0.062
2005  12   3       0.776       0.000       0.379      67.919      -1.222       0.187
2005  12   4       0.761       0.000       0.328      70.354      -0.434       0.374
2005  12   5       0.791       0.000       0.449      88.777      -0.833       0.516
2005  12   6       0.790       0.000       0.519     105.076      -5.540       0.621
2005  12   7       0.788       0.000       0.514     112.084      -4.149       0.751
2005  12   8       0.793       0.000       0.548     121.796      -5.438       0.988
2005  12   9       0.790       0.000       0.581     130.909      -4.105       1.207
2005  12  10       0.783       0.000       0.540     131.480      -5.148       1.372
2005  12  11       0.776       0.000       0.505     131.393     -10.282       1.479
2005  12  12       0.769       0.000       0.486     131.378     -11.101       1.558
2005  12  13       0.763       0.000       0.479     131.367      -6.678       1.589
2005  12  14       0.757       0.000       0.473     131.312      -5.660       1.586
2005  12  15       0.751       0.000       0.468     131.292      -9.076       1.581
2005  12  16       0.747       0.000       0.485     133.446      -5.456       1.553
2005  12  17       0.783       0.000       0.589     145.172      -4.672       1.499
2005  12  18       0.778       0.000       0.588     146.902     -12.768       1.514
2005  12  19       0.771       0.000       0.573     146.921     -18.776       1.554
2005  12  20       0.765       0.000       0.560     146.923     -15.757       1.545
2005  12  21       0.759       0.000       0.551     146.923     -19.806       1.471
2005  12  22       0.752       0.000       0.542     146.923     -16.574       1.339
2005  12  23       0.746       0.000       0.535     146.923     -13.530       1.167
2005  12  24       0.741       0.000       0.530     146.923     -13.732       1.002
2005  12  25       0.735       0.000       0.525     146.922      -7.060       0.864
2005  12  26       0.729       0.000       0.520     146.913      -6.239       0.774
2005  12  27       0.724       0.000       0.517     146.919     -12.741       0.725
2005  12  28       0.736       0.000       0.536     149.261     -14.487       0.691
2005  12  29       0.746       0.000       0.558     152.167     -15.662       0.648
2005  12  30       0.741       0.000       0.597     156.884     -14.351       0.605
2005  12  31       0.762      13.951       0.697     188.915      -0.044       0.567
2006   1   1       0.769       0.548       0.739     202.449      -1.614       0.578
2006   1   2       0.794       0.052       0.842     221.784      -2.460       0.720
2006   1   3       0.787       1.106       0.789     224.080      -5.162       0.885
2006   1   4       0.780       0.934       0.730     223.067      -6.514       1.012
2006   1   5       0.774       0.786       0.686     222.269     -10.707       1.099
2006   1   6       0.768       0.648       0.656     221.668      -5.324       1.152
2006   1   7       0.758       0.330       0.637     221.224      -3.871       1.181
2006   1   8       0.744       0.137       0.622     220.957      -7.935       1.192
2006   1   9       0.738       0.000       0.611     220.923     -14.248       1.189
2006   1  10       0.733       0.000       0.601     220.922     -16.410       1.174
2006   1  11       0.727       0.000       0.594     220.922     -17.925       1.150
2006   1  12       0.722       0.000       0.590     220.922     -11.555       1.098
2006   1  13       0.716       0.000       0.589     220.922     -17.008       0.925
2006   1  14       0.711       0.000       0.588     220.922     -17.927       0.701
2006   1  15       0.706       0.000       0.587     220.922     -18.037       0.540
2006   1  16       0.705       0.000       0.596     221.879      -7.202       0.393
2006   1  17       0.739       0.000       0.677     230.399      -1.496       0.241
2006   1  18       0.792       0.000       1.070     273.043      -0.407       0.148
2006   1  19       0.775       0.000       1.047     275.916      -4.286       0.132
2006   1  20       0.760       0.000       1.019     275.920      -8.315       0.144
2006   1  21       0.745       0.000       0.999     275.991      -2.272       0.162
2006   1  22       0.731       0.000       0.984     276.041      -8.218       0.178
2006   1  23       0.723       0.000       0.976     276.010      -7.023       0.193
2006   1  24       0.717       0.000       0.968     275.991     -15.732       0.204
2006   1  25       0.712       0.000       0.962     275.991     -16.618       0.212
2006   1  26       0.712       0.000       0.962     276.475      -9.824       0.215
2006   1  27       0.723       0.000       0.984     279.325      -8.086       0.213
2006   1  28       0.743       0.000       1.013     283.533      -3.693       0.207
2006   1  29       0.728       0.000       0.995     283.532      -3.112       0.200
2006   1  30       0.706       0.000       0.974     283.532      -3.684       0.193
2006   1  31       0.693       0.000       0.958     283.532      -4.981       0.188
2006   2   1       0.680       0.000       0.943     283.532      -7.275       0.184
2006   2   2       0.669       0.000       0.933     283.532      -7.981       0.182
2006   2   3       0.658       0.000       0.926     283.532      -8.840       0.181
2006   2   4       0.650       0.000       0.921     283.519     -11.321       0.178
2006   2   5       0.647       0.000       0.919     283.435      -8.798       0.174
2006   2   6       0.643       0.000       0.918     283.301     -10.400       0.167
2006   2   7       0.640       0.000       0.917     283.169      -6.844       0.158
2006   2   8       0.637       0.000       0.919     283.262      -4.471       0.147
2006   2   9       0.660       0.000       0.933     284.607      -4.546       0.136
2006   2  10       0.655       0.000       0.932     284.282      -9.471       0.125
2006   2  11       0.650       0.000       0.931     283.961     -14.863       0.116
2006   2  12       0.644       0.000       0.930     283.807     -12.885       0.105
2006   2  13       0.638       0.000       0.928     283.665      -7.749       0.090
2006   2  14       0.631       0.000       0.921     283.571      -4.094       0.072
2006   2  15       0.648       0.000       1.017     294.065      -3.759       0.053
2006   2  16       0.774       0.000       1.413     351.252      -0.361       0.041
2006   2  17       0.756       0.000       1.291     360.414      -1.745       0.044
2006   2  18       0.767       0.000       1.229     366.034      -1.256       0.055
2006   2  19       0.750       0.000       1.204     373.706      -2.890       0.067
2006   2  20       0.776       0.000       1.236     387.631      -2.457       0.083
2006   2  21       0.757       0.000       1.149     387.702      -8.626       0.142
2006   2  22       0.738       0.000       1.081     387.703      -5.306       0.215
2006   2  23       0.726       0.000       1.032     387.637      -3.549       0.276
2006   2  24       0.721       0.000       1.002     387.401      -3.371       0.323
2006   2  25       0.712       0.000       0.976     387.218      -2.895       0.360
2006   2  26       0.698       0.000       0.940     387.150      -5.695       0.387
2006   2  27       0.688       0.000       0.916     386.900      -6.286       0.407
2006   2  28       0.684       0.000       0.911     387.400     -10.320       0.421
2006   3   1       0.732       0.000       0.947     391.915     -10.500       0.429
2006   3   2       0.728       0.000       0.945     392.624      -8.725       0.437
2006   3   3       0.736       0.000       0.954     394.555      -1.861       0.443
2006   3   4       0.761       0.000       1.060     407.102      -0.044       0.450
2006   3   5       0.761       0.000       1.099     419.906      -6.186       0.458
2006   3   6       0.755       0.000       1.071     421.144     -10.272       0.469
2006   3   7       0.757       0.000       1.059     423.147      -5.682       0.477
2006   3   8       0.763       0.000       1.092     430.982      -0.626       0.483
2006   3   9       0.709       1.176       1.042     434.495      -0.044       0.488
2006   3  10       0.716       0.247       1.052     440.304      -2.543       0.489
2006   3  11       0.788       0.000       1.236     463.026      -3.598       0.491
2006   3  12       0.793       0.000       1.328     479.493      -9.779       0.499
2006   3  13       0.783       0.000       1.272     479.409     -14.420       0.508
2006   3  14       0.769       0.000       1.232     479.336     -13.310       0.513
2006   3  15       0.749       0.000       1.192     479.321     -10.504       0.515
2006   3  16       0.732       0.000       1.160     479.316      -9.883       0.513
2006   3  17       0.715       0.000       1.131     479.303      -7.867       0.510
2006   3  18       0.698       0.000       1.101     479.427      -2.981       0.506
2006   3  19       0.670       4.113       1.071     478.093      -0.124       0.500
2006   3  20       0.640       9.287       1.038     471.263      -0.277       0.493
2006   3  21       0.618       5.520       1.009     464.505      -0.854       0.486
2006   3  22       0.606      10.296       0.984     458.333      -0.722       0.477
2006   3  23       0.589      11.147       0.955     450.455      -0.789       0.468
2006   3  24       0.575      11.705       0.932     443.476      -0.093       0.459
2006   3  25       0.560      15.734       0.901     431.683      -0.062       0.449
2006   3  26       0.551      17.072       0.864     416.272      -0.608       0.439
2006   3  27       0.544      11.798       0.827     401.252      -0.353       0.428
2006   3  28       0.564      12.231       0.810     391.199      -0.060       0.417
2006   3  29       0.735       0.894       0.907     399.928      -2.291       0.407
2006   3  30       0.709      12.697       0.905     401.950      -1.122       0.403
2006   3  31       0.667      18.509       0.854     389.615      -0.857       0.398
2006   4   1       0.646       4.235       0.821     381.518      -1.272       0.390
2006   4   2       0.631       8.767       0.798     377.009      -1.765       0.382
2006   4   3       0.610      13.108       0.766     366.462      -1.661       0.373
2006   4   4       0.600      11.577       0.731     354.636      -4.180       0.363
2006   4   5       0.580       6.551       0.703     344.618      -0.188       0.352
2006   4   6       0.573       0.125       0.695     341.859      -2.276       0.342
2006   4   7       0.567      13.891       0.674     335.857      -4.400       0.332
2006   4   8       0.561      10.332       0.641     323.701      -2.781       0.322
2006   4   9       0.549      10.613       0.614     312.054      -0.003       0.312
2006   4  10       0.664       3.569       0.666     311.662      -1.163       0.302
2006   4  11       0.753       0.000       0.765     322.337      -5.351       0.298
2006   4  12       0.737       0.000       0.743     322.149      -3.829       0.297
2006   4  13       0.715       2.360       0.713     321.327      -3.742       0.294
2006   4  14       0.694      13.256       0.675     314.095      -2.062       0.290
2006   4  15       0.672       6.281       0.641     304.552      -0.449       0.283
2006   4  16       0.638       9.801       0.617     295.915      -0.675       0.276
2006   4  17       0.625      11.517       0.590     286.378      -2.087       0.268
2006   4  18       0.607       9.433       0.562     275.845      -0.471       0.259
2006   4  19       0.594      15.081       0.533     263.666      -2.304       0.250
2006   4  20       0.585      15.095       0.497     248.558      -1.944       0.241
2006   4  21       0.574      19.931       0.459     231.453      -1.451       0.236
2006   4  22       0.566      17.559       0.418     212.245      -1.216       0.231
2006   4  23       0.556      14.152       0.385     196.439      -0.626       0.226
2006   4  24       0.550      18.547       0.352     180.455      -0.512       0.220
2006   4  25       0.538      18.687       0.314     160.516      -0.238       0.214
2006   4  26       0.533      18.041       0.280     143.862      -0.484       0.205
2006   4  27       0.523      20.515       0.242     124.329       0.000       0.197
2006   4  28       0.513      11.095       0.212     108.493       0.000       0.191
2006   4  29       0.504       9.727       0.191      97.836      -1.076       0.184
2006   4  30       0.492      18.681       0.164      85.676      -3.618       0.103
2006   5   1       0.463      22.042       0.119      64.610      -2.070      -0.023
2006   5   2       0.380      36.260       0.064      36.108      -0.590      -0.102
2006   5   3       0.225      16.565       0.012       6.806       6.024       0.226
2006   5   4       0.200       0.000       0.000       0.000      10.680       2.378
2006   5   5       0.200       7.092       0.000       0.000      12.085       4.848
2006   5   6       0.200       1.327       0.000       0.000       8.857       5.915
2006   5   7       0.200       0.109       0.000       0.000      10.292       6.142
2006   5   8       0.200       4.852       0.006       0.641       4.977       6.157
2006   5   9       0.214       7.205       0.008       1.051       1.630       5.106
2006   5  10       0.258       5.395       0.006       0.694       1.331       3.790
2006   5  11       0.200       0.000       0.000       0.000       8.479       3.751
2006   5  12       0.200       0.001       0.000       0.000       8.503       4.970
2006   5  13       0.200       0.663       0.000       0.000       8.903       5.758
2006   5  14       0.200       0.000       0.000       0.000       9.504       6.184
2006   5  15       0.200       0.007       0.000       0.000      12.907       6.926
2006   5  16       0.200       1.411       0.000       0.000      13.046       8.274
2006   5  17       0.200       0.000       0.000       0.000      15.872       9.089
2006   5  18       0.200       1.545       0.000       0.000      13.779      10.243
2006   5  19       0.200       0.000       0.000       0.000       9.505       9.663
2006   5  20       0.200       3.528       0.000       0.000       6.767       8.419
2006   5  21       0.200       0.000       0.000       0.000      11.304       7.941
2006   5  22       0.200       3.184       0.000       0.000      11.033       8.514
2006   5  23       0.200       0.000       0.000       0.000       6.907       8.242
2006   5  24       0.200       0.000       0.000       0.000       6.512       7.232
2006   5  25       0.200       0.000       0.000       0.000       8.972       6.935
2006   5  26       0.200       0.000       0.000       0.000      12.253       7.765
2006   5  27       0.200       0.000       0.000       0.000      13.168       8.842
2006   5  28       0.200       0.000       0.000       0.000      14.466       9.735
2006   5  29       0.200       0.058       0.000       0.000      10.962      10.329
2006   5  30       0.208       6.086       0.003       0.337       2.191       8.676
2006   5  31       0.251       6.833       0.011       1.340       0.555       6.744
2006   6   1       0.200       0.593       0.000       0.000       2.192       5.290
2006   6   2       0.200       0.000       0.000       0.000       3.185       4.611
2006   6   3       0.200       0.000       0.000       0.000       6.490       4.801
2006   6   4       0.200       0.000       0.000       0.000       7.322       5.443
2006   6   5       0.200       0.129       0.000       0.000       9.601       6.334
2006   6   6       0.200       0.000       0.000       0.000       9.671       7.063
2006   6   7       0.200       0.000       0.000       0.000       9.292       7.449
2006   6   8       0.200       0.000       0.000       0.000      11.010       7.821
2006   6   9       0.200       0.000       0.000       0.000      12.838       8.549
2006   6  10       0.200       0.000       0.000       0.000      13.661       9.479
2006   6  11       0.200       0.000       0.000       0.000      16.165      10.454
2006   6  12       0.200       0.000       0.000       0.000      15.790      11.387
2006   6  13       0.200       0.000       0.000       0.000      16.899      12.018
2006   6  14       0.200       0.000       0.000       0.000      17.769      12.701
2006   6  15       0.200       0.000       0.000       0.000      18.223      13.369
2006   6  16       0.200       0.165       0.000       0.000      16.510      13.553
2006   6  17       0.200       3.808       0.000       0.000      15.164      13.547
2006   6  18       0.200       1.379       0.000       0.000      17.247      13.218
2006   6  19       0.200       0.000       0.000       0.000      17.881      13.837
2006   6  20       0.200       0.000       0.000       0.000      16.545      14.050
2006   6  21       0.200       0.000       0.000       0.000      16.465      13.976
2006   6  22       0.200       2.448       0.000       0.000      15.026      13.863
2006   6  23       0.200       0.000       0.000       0.000      15.898      13.564
2006   6  24       0.200       0.000       0.000       0.000      17.009      13.794
2006   6  25       0.200      13.356       0.000       0.000      16.334      14.065
2006   6  26       0.200       0.000       0.000       0.000      17.309      14.188
2006   6  27       0.200      21.168       0.000       0.000      18.326      14.586
2006   6  28       0.200       3.755       0.000       0.000      16.902      14.888
2006   6  29       0.200       5.720       0.000       0.000      18.004      14.957
2006   6  30       0.200       0.000       0.000       0.000      17.297      14.987
